19749
19749
19749
19749
19749
19749
19749
19749
19749
19749
19749
19749
19749
19749
19749
19749
19749
19749
19749
19749
19749
19749
19749
19749
19749
19749
19749
19749
19749
19749
19749
19749
19749
19749
19749
19749
19749
19749
19749
19749
19749
19749
19749
19749
19749
19749
19749
19749
19749
19749
19749
19749
19749
19749
19749
19749
19749
19749
19749
19749
19749
19749
19749
19749
19749
19749
19749
19749
19749
19749
19749
19749
19749
19749
19749
19749
19749
19749
19749
19749
19688
19688
19688
19688
19688
19688
19688
19648
19648
19648
19648
19648
19648
19648
19648
19648
19648
19648
19648
19648
19648
19648
19648
19648
19620
19620
19606
19606
19606
19606
19606
19606
19606
19606
19606
19597
19597
19597
19597
19597
19597
19597
19597
19597
19597
19597
19597
19597
19597
19597
19597
19597
19597
19596
19596
19596
19596
19596
19596
19596
19596
19596
19596
19596
19596
19596
19596
19596
19596
19596
19596
19596
19596
19596
19596
19596
19596
19596
19596
19596
19596
19596
19527
19527
19527
19527
19527
19527
19527
19527
19527
19527
19527
19527
19527
19527
19527
19527
19527
19527
19527
19527
19527
19527
19527
19527
19527
19527
19527
19461
19461
19461
19439
19439
19439
19439
19439
19439
19418
19418
19418
19418
19418
19418
19418
19418
19418
19418
19418
19418
19418
19418
19418
19418
19418
19418
19363
19363
19363
19363
19363
19363
19363
19363
19363
19363
19363
19363
19363
19363
19272
19272
19272
19272
19272
19272
19272
19272
19272
19272
19272
19272
19272
19272
19272
19272
19272
19272
19272
19272
19272
19272
19272
19272
19272
19272
19272
19272
19272
19272
19272
19272
19272
19272
19272
19272
19272
19272
19272
19272
19272
19272
19272
19272
19272
19272
19272
19272
19272
19272
19272
19272
19272
19272
19272
19272
19272
19269
19269
19269
19229
19148
19148
19148
19148
19148
19148
19148
19093
19093
19093
19093
19093
19093
19093
19093
19093
19071
19071
19071
19071
19071
19071
19071
19071
19071
19001
19001
19001
19001
19001
19001
19001
19001
18999
18999
18999
18999
18999
18999
18961
18961
18903
18903
18903
18809
18746
18746
18746
18746
18746
18746
18746
18746
18746
18746
18746
18746
18746
18746
18746
18746
18687
18687
18687
18687
18687
18687
18687
18687
18687
18687
18687
18687
18687
18687
18687
18687
18654
18647
18647
18640
18640
18640
18640
18640
18640
18640
18640
18640
18640
18640
18640
18640
18640
18640
18640
18640
18580
18580
18580
18580
18580
18580
18580
18580
18580
18580
18580
18580
18580
18580
18580
18580
18580
18580
18531
18531
18531
18531
18531
18531
18446
18446
18446
18446
18446
18415
18415
18415
18415
18415
18415
18415
18415
18415
18415
18415
18415
18415
18415
18415
18415
18415
18415
18415
18415
18415
18415
18415
18413
18413
18413
18413
18413
18413
18413
18398
18398
18326
18326
18326
18296
18296
18296
18296
18240
18240
18240
18240
18240
18240
18240
18240
18240
18177
18177
18175
18175
18175
18175
18175
18175
18175
18175
18143
18130
18130
18130
18130
18130
18130
18130
18130
18130
18093
18093
18093
18069
18069
18069
18069
18069
18069
18069
18069
18069
18069
18069
18069
18069
18069
18069
18069
18069
18069
18069
18069
17997
17952
17952
17952
17952
17952
17952
17952
17952
17952
17952
17912
17912
17912
17912
17912
17912
17912
17912
17912
17912
17821
17821
17818
17818
17818
17818
17818
17818
17818
17818
17725
17725
17693
17693
17693
17693
17693
17693
17693
17693
17693
17693
17693
17693
17693
17693
17693
17693
17693
17693
17665
17665
17665
17665
17665
17665
17665
17665
17665
17665
17598
17598
17598
17598
17598
17598
17598
17598
17598
17598
17598
17598
17598
17598
17553
17553
17553
17553
17553
17553
17553
17553
17553
17553
17553
17512
17512
17512
17512
17512
17512
17512
17512
17512
17512
17512
17512
17512
17512
17512
17462
17462
17437
17376
17376
17376
17376
17376
17376
17376
17376
17376
17376
17376
17312
17215
17215
17215
17206
17206
17206
17206
17206
17206
17206
17206
17206
17206
17206
17206
17206
17206
17135
17135
17135
17135
17135
17135
17135
17135
17135
17111
17111
17111
17111
17111
17111
17111
17111
17111
17111
17111
17111
17039
17039
17039
17039
17039
17039
17039
17035
17035
17035
16987
16966
16966
16966
16966
16960
16921
16921
16916
16916
16916
16906
16906
16906
16906
16866
16866
16866
16866
16866
16866
16866
16842
16842
16842
16842
16842
16842
16842
16689
16689
16689
16689
16666
16666
16666
16582
16582
16582
16582
16582
16582
16582
16582
16582
16582
16582
16544
16544
16544
16504
16498
16498
16498
16498
16498
16498
16421
16421
16421
16421
16421
16329
16291
16202
16202
16193
16193
16193
16193
16193
16193
16193
16193
16181
16181
16139
16139
16113
16113
16064
16064
16063
16063
16063
16045
15997
15997
15997
15997
15997
15997
15912
15912
15912
15832
15782
15782
15782
15739
15739
15739
15718
15698
15698
15698
15695
15658
15658
15658
15658
15658
15658
15658
15658
15658
15602
15601
15601
15601
15601
15601
15601
15601
15601
15601
15601
15601
15601
15585
15583
15583
15583
15583
15571
15571
15571
15571
15571
15571
15549
15549
15549
15549
15549
15549
15549
15549
15450
15450
15450
15435
15415
15415
15415
15415
15415
15415
15312
15312
15312
15312
15312
15272
15271
15271
15271
15271
15271
15271
15271
15271
15271
15271
15271
15167
15167
15167
15167
15141
15141
15141
15141
15141
15141
15141
15141
15141
15141
15141
15141
15141
15137
15128
15128
15128
15082
15082
15082
15082
15082
15082
15082
15082
15082
15082
15082
14995
14995
14995
14995
14940
14925
14896
14889
14845
14828
14828
14828
14828
14784
14784
14782
14697
14622
14622
14622
14622
14622
14622
14622
14622
14622
14545
14545
14545
14545
14545
14545
14545
14545
14489
14489
14489
14489
14489
14489
14396
14396
14396
14396
14396
14396
14396
14396
14396
14396
14396
14396
14396
14378
14366
14366
14297
14297
14297
14297
14297
14252
14165
14165
14165
14161
14161
14058
14058
14058
14058
14058
14022
14022
14022
14022
14022
14019
14019
14019
14019
14019
14019
14019
14019
13965
13965
13881
13881
13881
13881
13881
13881
13881
13881
13881
13881
13881
13856
13856
13783
13783
13783
13783
13783
13783
13783
13783
13783
13783
13783
13783
13783
13706
13706
13706
13677
13677
13669
13669
13669
13669
13669
13669
13601
13524
13524
13524
13524
13524
13524
13524
13520
13520
13520
13520
13520
13520
13520
13520
13520
13520
13520
13445
13445
13445
13445
13445
13445
13445
13445
13445
13406
13344
13344
13322
13322
13322
13322
13322
13322
13282
13282
13282
13282
13282
13282
13282
13254
13254
13254
13254
13254
13254
13254
13254
13254
13254
13254
13251
13251
13251
13251
13251
13251
13251
13251
13251
13251
13251
13251
13251
13251
13251
13251
13169
13169
13169
13169
13115
13115
13115
13115
13083
13083
13083
13056
13056
13056
13056
13056
13056
13056
13056
13056
13056
13056
13056
13056
13056
12983
12917
12917
12917
12917
12917
12917
12917
12917
12886
12886
12886
12886
12886
12886
12886
12886
12886
12827
12827
12827
12827
12827
12827
12827
12827
12827
12827
12827
12827
12827
12827
12827
12827
12827
12827
12827
12827
12827
12827
12827
12827
12827
12827
12827
12785
12785
12785
12785
12785
12731
12731
12731
12731
12706
12653
12625
12625
12625
12625
12625
12625
12625
12593
12593
12593
12593
12549
12549
12549
12549
12549
12549
12549
12549
12549
12549
12549
12549
12549
12549
12549
12549
12542
12542
12542
12542
12542
12542
12466
12466
12458
12458
12458
12458
12458
12458
12458
12458
12458
12458
12445
12445
12445
12364
12364
12364
12353
12353
12353
12353
12353
12353
12305
12227
12217
12217
12217
12156
12156
12156
12156
12156
12070
12070
12070
12070
12047
12047
12047
12047
12021
12021
12021
12021
12021
12021
12021
12021
12021
12021
12021
11928
11896
11896
11896
11896
11896
11896
11896
11896
11896
11896
11896
11814
11740
11740
11740
11656
11626
11626
11626
11621
11621
11621
11621
11621
11621
11621
11621
11621
11621
11621
11621
11621
11619
11607
11607
11585
11585
11585
11585
11513
11513
11513
11453
11453
11453
11453
11453
11453
11453
11453
11453
11453
11453
11435
11435
11435
11435
11422
11392
11392
11392
11392
11392
11392
11392
11392
11392
11392
11386
11302
11302
11302
11302
11302
11266
11266
11266
11266
11266
11266
11266
11266
11266
11266
11266
11266
11243
11243
11201
11201
11201
11201
11201
11201
11201
11201
11201
11201
11175
11175
11175
11175
11175
11175
11175
11175
11174
11174
11174
11174
11174
11174
11174
11174
11174
11174
11174
11174
11174
11174
11174
11135
11135
11135
11135
11120
11120
11120
11120
11120
11092
11092
11025
11025
11025
11025
11025
11025
11025
11025
11003
11003
11003
11003
11003
10980
10980
10980
10980
10980
10980
10980
10980
10980
10980
10980
10980
10978
10978
10978
10812
10812
10812
10812
10806
10671
10671
10671
10671
10671
10671
10642
10642
10631
10631
10628
10628
10628
10628
10628
10628
10628
10628
10628
10628
10613
10613
10613
10613
10613
10613
10613
10613
10613
10613
10613
10613
10613
10613
10613
10487
10480
10471
10471
10471
10471
10471
10471
10471
10471
10471
10471
10471
10347
10326
10326
10326
10326
10326
10326
10326
10326
10234
10234
10234
10234
10234
10234
10095
10095
10095
10095
10095
10095
10095
10095
10095
10095
10095
10095
10095
10095
10095
10064
10064
10064
10064
10064
10064
10064
10064
9991
9991
9964
9964
9964
9964
9915
9915
9915
9915
9915
9880
9874
9874
9874
9874
9874
9874
9874
9835
9835
9835
9835
9835
9835
9755
9755
9755
9755
9732
9732
9732
9732
9724
9722
9697
9627
9627
9627
9627
9627
9584
9584
9584
9584
9584
9584
9584
9584
9584
9584
9515
9515
9506
9506
9506
9506
9506
9506
9486
9486
9486
9486
9486
9486
9486
9486
9486
9449
9449
9449
9449
9436
9436
9436
9415
9415
9387
9387
9387
9387
9387
9387
9387
9387
9387
9387
9387
9387
9387
9387
9387
9387
9387
9387
9387
9379
9272
9272
9272
9227
9227
9227
9227
9227
9227
9227
9227
9227
9146
9146
9146
9146
9146
9146
9146
9125
9125
9112
9112
9112
9112
9112
9112
9112
9112
9112
9112
9112
9112
9112
9112
9112
9112
9112
9112
9112
9112
9112
9112
9112
9059
9059
9059
9059
9059
9059
9002
9002
9002
9002
9002
9002
9002
9002
9002
9002
9002
9002
9002
8983
8983
8983
8983
8983
8983
8983
8983
8983
8983
8983
8983
8983
8983
8983
8983
8983
8983
8983
8983
8983
8983
8983
8983
8983
8948
8948
8948
8948
8948
8948
8948
8926
8926
8926
8926
8926
8926
8895
8895
8895
8895
8895
8895
8895
8863
8863
8831
8831
8831
8831
8831
8831
8831
8831
8831
8796
8796
8796
8796
8796
8796
8796
8796
8796
8796
8796
8796
8796
8796
8796
8754
8735
8735
8735
8735
8735
8735
8724
8724
8724
8724
8724
8724
8724
8724
8724
8695
8695
8695
8695
8695
8695
8695
8695
8695
8695
8695
8695
8619
8619
8619
8619
8619
8619
8619
8619
8619
8619
8619
8619
8619
8619
8619
8619
8539
8539
8539
8539
8539
8539
8539
8539
8539
8539
8489
8489
8489
8489
8489
8489
8489
8489
8489
8489
8489
8489
8489
8466
8466
8466
8466
8466
8466
8466
8466
8466
8466
8425
8425
8425
8425
8425
8425
8425
8425
8425
8425
8425
8421
8421
8421
8421
8421
8421
8421
8421
8421
8421
8421
8421
8421
8372
8372
8335
8280
8280
8280
8280
8280
8280
8245
8245
8245
8245
8183
8183
8183
8183
8183
8183
8130
8098
8098
8098
8098
8098
8098
8098
8098
8098
8098
8060
8060
8060
8060
8060
8060
8060
8060
8060
8060
8024
8024
8024
8024
8004
8004
8004
7967
7967
7967
7967
7967
7967
7967
7967
7967
7967
7967
7967
7967
7967
7967
7962
7962
7962
7962
7962
7962
7940
7940
7940
7902
7902
7868
7868
7868
7868
7868
7817
7817
7817
7817
7817
7817
7817
7817
7817
7817
7817
7817
7817
7797
7797
7797
7797
7740
7740
7740
7740
7740
7740
7729
7729
7729
7729
7729
7729
7574
7574
7574
7574
7574
7574
7574
7574
7574
7574
7574
7574
7574
7574
7522
7522
7449
7313
7313
7313
7313
7313
7313
7313
7313
7313
7313
7313
7313
7313
7313
7313
7313
7294
7294
7272
7272
7209
7209
7209
7130
7130
7130
7130
7130
7130
7130
7130
7130
7130
7130
7130
7130
7130
7130
7094
7094
7094
7092
7092
7092
7092
7092
7092
7092
7092
7092
7092
7092
7092
7069
7069
7069
7069
7069
7069
6985
6981
6981
6981
6981
6981
6981
6981
6981
6981
6981
6981
6981
6961
6961
6961
6960
6916
6916
6916
6916
6916
6916
6916
6916
6866
6861
6861
6861
6861
6855
6855
6855
6835
6835
6835
6835
6835
6835
6835
6835
6835
6835
6835
6835
6835
6835
6835
6835
6835
6835
6835
6835
6835
6835
6835
6835
6835
6835
6835
6835
6835
6835
6835
6835
6835
6835
6735
6735
6735
6735
6735
6735
6735
6735
6735
6735
6735
6718
6718
6718
6718
6718
6661
6661
6651
6651
6651
6651
6651
6651
6560
6560
6560
6560
6502
6502
6502
6484
6484
6476
6476
6456
6456
6456
6456
6456
6456
6456
6456
6456
6456
6456
6456
6456
6455
6455
6455
6455
6455
6455
6455
6455
6455
6455
6455
6455
6455
6455
6419
6324
6324
6324
6324
6324
6324
6324
6324
6324
6324
6324
6324
6324
6321
6321
6321
6321
6321
6321
6321
6315
6315
6315
6315
6315
6315
6315
6315
6315
6315
6315
6315
6315
6315
6315
6315
6264
6226
6226
6226
6226
6226
6226
6200
6200
6200
6200
6179
6179
6179
6165
6165
6165
6165
6165
6165
6165
6165
6165
6165
6165
6165
6165
6086
6086
6086
6086
6070
6070
6058
6002
6002
6002
6002
5906
5906
5906
5899
5899
5899
5899
5899
5899
5899
5899
5899
5899
5899
5899
5877
5877
5877
5877
5877
5877
5845
5845
5845
5845
5845
5845
5845
5845
5845
5845
5827
5827
5827
5827
5827
5827
5792
5792
5792
5792
5792
5792
5792
5792
5792
5792
5792
5740
5740
5740
5740
5740
5740
5740
5740
5740
5740
5740
5740
5740
5740
5740
5740
5740
5740
5740
5740
5704
5704
5704
5704
5704
5704
5704
5704
5704
5704
5704
5704
5704
5672
5672
5602
5602
5602
5602
5602
5602
5602
5602
5602
5602
5602
5602
5602
5602
5602
5540
5540
5540
5540
5540
5540
5540
5540
5540
5540
5540
5540
5540
5540
5540
5540
5540
5540
5540
5540
5540
5540
5540
5540
5540
5534
5534
5534
5534
5534
5534
5534
5523
5523
5523
5498
5498
5498
5498
5498
5498
5498
5498
5498
5498
5442
5442
5442
5442
5442
5442
5442
5442
5442
5442
5442
5442
5442
5442
5442
5442
5442
5442
5442
5442
5442
5442
5442
5442
5442
5442
5442
5442
5442
5442
5442
5442
5442
5442
5442
5442
5442
5414
5414
5414
5414
5414
5414
5328
5328
5316
5316
5316
5316
5316
5316
5316
5316
5316
5316
5316
5316
5316
5316
5316
5316
5316
5316
5316
5316
5316
5316
5316
5316
5316
5316
5316
5316
5282
5282
5282
5282
5282
5282
5282
5282
5282
5282
5282
5275
5275
5275
5275
5275
5275
5275
5275
5245
5186
5186
5186
5186
5186
5186
5186
5186
5186
5186
5186
5186
5186
5186
5185
5185
5185
5185
5185
5185
5185
5185
5185
5164
5164
5164
5164
5164
5164
5164
5164
5164
5164
5164
5164
5164
5164
5164
5164
5164
5164
5164
5164
5164
5164
5093
5074
5074
5074
5074
5074
5074
5074
5074
5072
5027
4984
4984
4984
4984
4984
4984
4984
4984
4984
4984
4984
4984
4984
4984
4984
4984
4984
4984
4984
4984
4984
4984
4984
4984
4984
4984
4984
4984
4984
4984
4984
4984
4984
4984
4984
4984
4984
4984
4984
4984
4984
4984
4916
4916
4916
4916
4916
4916
4916
4916
4916
4916
4916
4916
4916
4916
4916
4916
4916
4916
4916
4916
4916
4890
4890
4890
4890
4890
4890
4867
4867
4841
4789
4789
4789
4789
4789
4789
4789
4789
4789
4789
4789
4789
4789
4789
4789
4789
4789
4789
4789
4789
4789
4789
4789
4786
4786
4786
4786
4786
4786
4786
4786
4786
4786
4786
4786
4786
4786
4786
4786
4786
4786
4762
4762
4762
4762
4762
4762
4762
4762
4762
4762
4762
4762
4725
4725
4725
4725
4725
4725
4725
4667
4667
4667
4667
4667
4667
4667
4667
4667
4667
4667
4667
4667
4667
4667
4667
4667
4667
4667
4667
4667
4667
4667
4667
4667
4667
4667
4667
4667
4667
4667
4667
4667
4667
4667
4667
4667
4667
4667
4667
4667
4667
4667
4667
4667
4667
4667
4667
4614
4614
4614
4614
4614
4614
4614
4614
4614
4614
4614
4614
4567
4567
4567
4567
4567
4567
4557
4557
4557
4557
4557
4486
4486
4486
4486
4486
4486
4486
4486
4486
4486
4486
4486
4486
4486
4486
4486
4454
4454
4454
4454
4454
4454
4454
4454
4454
4453
4453
4453
4453
4453
4453
4453
4453
4453
4453
4453
4453
4453
4453
4453
4453
4453
4380
4380
4380
4343
4343
4343
4343
4343
4343
4343
4343
4343
4343
4343
4343
4309
4309
4309
4309
4309
4309
4309
4309
4309
4309
4309
4309
4309
4309
4309
4309
4309
4309
4309
4309
4309
4309
4309
4309
4306
4306
4306
4306
4306
4306
4306
4306
4306
4306
4306
4306
4306
4306
4306
4306
4306
4306
4306
4306
4306
4305
4305
4305
4305
4305
4305
4305
4305
4305
4305
4305
4305
4305
4305
4305
4291
4291
4291
4291
4291
4291
4291
4291
4291
4291
4276
4276
4276
4276
4276
4276
4276
4276
4276
4276
4276
4276
4276
4276
4276
4276
4276
4276
4276
4276
4276
4276
4276
4266
4266
4266
4266
4266
4266
4266
4266
4266
4266
4266
4266
4266
4266
4266
4266
4266
4266
4266
4234
4234
4234
4234
4234
4234
4234
4234
4234
4234
4234
4193
4193
4193
4193
4193
4193
4193
4193
4193
4193
4154
4154
4154
4141
4141
4141
4141
4141
4141
4141
4141
4141
4141
4141
4141
4141
4141
4141
4141
4141
4141
4139
4139
4139
4139
4139
4139
4139
4139
4139
4139
4139
4139
4139
4139
4139
4139
4139
4139
4139
4139
4139
4139
4139
4139
4139
4139
4139
4139
4139
4139
4139
4139
4139
4139
4139
4139
4139
4139
4139
4139
4139
4139
4139
4139
4139
4139
4139
4139
4139
4139
4138
4138
4138
4138
4138
4138
4138
4138
4138
4138
4138
4138
4135
4135
4135
4135
4135
4135
4135
4135
4135
4135
4135
4135
4135
4135
4135
4135
4135
4119
4119
4119
4119
4096
4096
4096
4096
4096
4096
4008
4008
4008
4008
4008
4008
4008
4008
4008
3923
3923
3923
3923
3923
3923
3923
3923
3923
3898
3898
3898
3898
3898
3898
3898
3898
3898
3898
3898
3898
3898
3898
3898
3898
3898
3898
3898
3898
3898
3898
3898
3898
3898
3898
3898
3898
3898
3826
3826
3826
3826
3826
3826
3826
3740
3740
3740
3740
3740
3740
3719
3719
3719
3719
3719
3719
3719
3719
3719
3719
3719
3719
3719
3719
3717
3717
3717
3717
3717
3717
3717
3717
3717
3717
3717
3717
3717
3717
3717
3717
3717
3717
3717
3717
3717
3717
3717
3717
3717
3717
3717
3717
3717
3717
3717
3717
3717
3717
3717
3717
3717
3717
3717
3717
3717
3717
3717
3717
3717
3717
3717
3717
3717
3717
3717
3717
3717
3717
3717
3717
3717
3717
3717
3717
3717
3717
3717
3717
3717
3717
3717
3717
3717
3698
3698
3698
3698
3698
3698
3698
3698
3698
3698
3698
3698
3698
3698
3698
3698
3698
3698
3698
3698
3698
3698
3698
3698
3698
3698
3698
3698
3698
3698
3698
3698
3698
3698
3698
3698
3698
3698
3698
3698
3698
3698
3698
3698
3698
3698
3698
3698
3698
3698
3698
3698
3698
3698
3698
3698
3698
3698
3698
3698
3698
3687
3687
3687
3687
3687
3687
3687
3687
3687
3687
3687
3687
3687
3687
3687
3687
3687
3687
3687
3687
3678
3678
3678
3678
3678
3678
3678
3678
3678
3678
3678
3666
3666
3666
3666
3666
3666
3642
3642
3642
3642
3609
3609
3609
3609
3609
3609
3609
3609
3609
3609
3609
3609
3609
3609
3609
3609
3609
3609
3609
3609
3533
3533
3533
3533
3533
3533
3533
3533
3504
3504
3504
3504
3504
3504
3504
3504
3504
3504
3422
3422
3422
3422
3422
3422
3422
3422
3422
3422
3422
3422
3422
3422
3422
3422
3422
3422
3422
3422
3422
3422
3422
3422
3422
3422
3422
3422
3422
3422
3422
3422
3422
3422
3422
3422
3422
3422
3422
3422
3422
3422
3422
3422
3422
3422
3422
3356
3356
3356
3356
3356
3356
3356
3356
3356
3349
3349
3349
3349
3349
3349
3349
3349
3349
3349
3349
3349
3349
3349
3349
3349
3349
3349
3349
3349
3349
3349
3349
3349
3349
3349
3321
3321
3321
3321
3321
3321
3321
3321
3321
3321
3321
3321
3321
3321
3321
3321
3321
3317
3317
3317
3317
3317
3317
3317
3317
3317
3317
3317
3317
3317
3317
3317
3317
3272
3272
3272
3272
3272
3272
3272
3272
3272
3272
3272
3272
3272
3272
3272
3272
3272
3272
3272
3272
3272
3272
3272
3272
3272
3272
3223
3223
3223
3223
3223
3223
3223
3223
3223
3186
3186
3186
3186
3186
3186
3186
3186
3186
3186
3186
3186
3186
3186
3186
3186
3186
3186
3186
3186
3186
3186
3186
3186
3186
3186
3186
3186
3186
3134
3134
3134
3134
3134
3134
3134
3134
3134
3134
3134
3134
3134
3134
3134
3134
3134
3134
3134
3134
3134
3134
3134
3134
3134
3134
3134
3134
3134
3134
3134
3134
3134
3134
3134
3134
3134
3070
3070
3070
3057
3057
3057
3057
3057
3057
3057
3057
3057
3057
3057
3057
3057
3057
3057
3057
3057
3057
3057
3057
3057
3057
3057
3023
3023
3023
3019
3019
3019
3019
3019
3019
3019
3019
3019
3019
3019
3019
3019
3019
3019
3019
3019
3019
3019
3019
3019
3019
3019
3019
2996
2996
2996
2996
2996
2975
2975
2975
2975
2975
2975
2975
2975
2902
2902
2902
2902
2902
2902
2902
2902
2902
2902
2898
2898
2898
2898
2898
2898
2898
2898
2898
2898
2898
2898
2898
2898
2898
2898
2898
2898
2898
2898
2898
2898
2898
2898
2898
2898
2895
2895
2895
2895
2895
2895
2895
2895
2895
2895
2895
2895
2895
2895
2895
2895
2895
2895
2895
2895
2895
2895
2895
2895
2895
2895
2895
2880
2880
2880
2880
2880
2880
2880
2880
2880
2880
2880
2880
2880
2880
2880
2880
2880
2880
2880
2880
2880
2828
2828
2828
2828
2828
2828
2828
2828
2828
2828
2828
2828
2828
2828
2828
2828
2822
2822
2822
2822
2822
2777
2777
2777
2777
2777
2777
2777
2716
2716
2716
2716
2716
2716
2716
2716
2716
2716
2716
2716
2716
2716
2716
2716
2716
2716
2716
2716
2716
2716
2716
2716
2716
2716
2716
2716
2716
2716
2716
2716
2716
2699
2699
2699
2699
2699
2648
2648
2648
2648
2648
2648
2648
2648
2591
2591
2591
2591
2591
2591
2591
2591
2591
2591
2591
2591
2591
2591
2591
2591
2591
2591
2591
2591
2591
2591
2591
2591
2591
2591
2591
2591
2591
2591
2572
2572
2572
2572
2572
2572
2572
2572
2572
2572
2572
2572
2572
2572
2572
2572
2572
2572
2572
2572
2572
2572
2572
2572
2572
2572
2572
2572
2566
2566
2566
2566
2566
2566
2566
2566
2566
2566
2566
2566
2566
2566
2566
2566
2566
2566
2566
2566
2566
2566
2566
2566
2566
2566
2566
2566
2566
2566
2566
2566
2566
2566
2566
2566
2566
2566
2566
2566
2566
2566
2566
2566
2566
2566
2566
2566
2566
2566
2566
2566
2566
2566
2566
2566
2566
2566
2545
2545
2545
2545
2545
2545
2545
2545
2542
2542
2542
2542
2542
2542
2542
2542
2542
2542
2542
2542
2542
2542
2542
2542
2542
2542
2542
2542
2542
2542
2542
2542
2542
2542
2542
2542
2542
2542
2542
2501
2501
2501
2501
2474
2474
2462
2462
2462
2462
2462
2462
2462
2462
2462
2462
2462
2462
2462
2462
2462
2462
2462
2462
2462
2462
2462
2462
2462
2462
2462
2462
2462
2462
2462
2462
2462
2462
2462
2462
2462
2462
2462
2462
2455
2455
2455
2455
2455
2455
2455
2455
2455
2455
2455
2455
2455
2455
2455
2455
2455
2455
2455
2346
2346
2346
2346
2346
2346
2346
2346
2346
2346
2346
2346
2346
2346
2346
2346
2219
2219
2219
2219
2183
2183
2183
2183
2183
2183
2183
2183
2183
2183
2183
2183
2183
2183
2183
2183
2183
2183
2183
2183
2183
2183
2183
2183
2183
2183
2183
2183
2183
2183
2183
2183
2183
2183
2183
2183
2183
2183
2183
2183
2183
2183
2183
2183
2183
2183
2183
2124
2124
2124
2124
2124
2124
2124
2124
2124
2124
2124
2124
2124
2124
2124
2124
2124
2124
2124
2124
2124
2124
2124
2124
2124
2124
2124
2124
2124
2124
2124
2124
2124
2124
2124
2124
2124
2124
2124
2123
2123
2123
2123
2123
2123
2121
2121
2121
2121
2121
2121
2121
2121
2121
2121
2121
2121
2121
2121
2121
2121
2121
2121
2121
2121
2121
2121
2121
2074
2074
2074
2074
2074
2074
2074
2074
2074
2074
2074
2074
2074
2074
2074
2074
2074
2073
2073
2073
2073
2073
2073
2073
2073
2073
2073
2073
2073
2073
2073
2073
2073
2073
2073
2073
2073
2073
2073
2073
2073
2073
2073
2073
2073
2073
2073
2073
2073
2073
2073
2073
2073
2073
2073
2073
2073
2073
2073
2073
2073
2073
2073
2056
2056
2056
2056
2056
2056
2056
2056
2056
2056
2056
2056
2056
2056
2056
2056
2056
2056
2056
2056
2056
2056
2056
2056
2056
2056
2056
2056
2056
2056
2056
2056
2056
2056
2056
2056
2056
2056
2056
2056
2056
2056
2056
2056
2056
2056
2056
2056
2056
2056
2056
2054
2054
2054
2054
2054
2054
2054
2054
2054
2054
2054
2054
2054
2054
2054
2054
2054
2054
2054
2054
2054
2054
2054
2054
2054
2054
2054
2054
2054
2054
2054
2054
2054
2054
2054
2054
2054
2054
2054
2054
2054
2054
2054
2054
2054
2054
2054
2054
2054
2054
2031
2031
2031
2031
2031
2031
2031
2031
1982
1982
1982
1982
1982
1982
1982
1982
1982
1982
1982
1982
1982
1982
1982
1982
1982
1982
1982
1982
1982
1982
1902
1902
1902
1902
1902
1902
1902
1902
1902
1902
1902
1902
1902
1902
1902
1902
1902
1902
1902
1902
1902
1902
1902
1902
1902
1902
1902
1902
1902
1902
1902
1902
1902
1902
1902
1902
1902
1902
1902
1902
1902
1902
1902
1902
1902
1896
1896
1896
1896
1896
1896
1896
1896
1896
1896
1896
1896
1896
1896
1896
1896
1896
1896
1896
1896
1896
1896
1896
1896
1896
1896
1896
1896
1896
1896
1896
1896
1896
1896
1896
1896
1896
1896
1896
1896
1896
1896
1896
1896
1896
1896
1896
1896
1896
1896
1896
1896
1896
1896
1896
1877
1877
1877
1835
1835
1835
1835
1835
1835
1834
1834
1834
1834
1834
1834
1834
1834
1834
1834
1834
1834
1834
1834
1834
1834
1834
1834
1834
1834
1834
1834
1834
1834
1834
1834
1834
1834
1834
1834
1834
1834
1834
1834
1834
1834
1834
1834
1834
1834
1834
1834
1834
1834
1834
1834
1834
1834
1834
1834
1834
1834
1834
1834
1834
1834
1834
1834
1834
1834
1834
1834
1834
1834
1834
1834
1834
1834
1834
1834
1809
1809
1809
1809
1809
1809
1809
1809
1809
1809
1809
1809
1809
1809
1809
1809
1809
1809
1809
1809
1809
1809
1807
1807
1807
1807
1807
1807
1807
1807
1807
1807
1807
1807
1807
1807
1807
1807
1807
1807
1807
1807
1807
1807
1807
1807
1807
1807
1807
1807
1807
1807
1807
1807
1807
1807
1807
1807
1807
1807
1807
1807
1807
1807
1807
1807
1807
1807
1807
1807
1807
1807
1807
1807
1807
1807
1807
1807
1807
1807
1807
1807
1807
1807
1807
1807
1807
1807
1807
1807
1807
1807
1807
1807
1807
1807
1807
1807
1807
1807
1807
1807
1807
1807
1807
1807
1807
1807
1807
1807
1807
1807
1807
1807
1807
1807
1807
1807
1807
1807
1807
1807
1807
1807
1807
1807
1807
1807
1807
1807
1807
1807
1807
1807
1807
1807
1763
1763
1763
1763
1763
1763
1763
1763
1763
1763
1763
1763
1763
1763
1763
1763
1763
1763
1763
1763
1763
1763
1763
1763
1763
1763
1763
1763
1763
1763
1763
1763
1763
1763
1763
1763
1762
1762
1762
1762
1762
1762
1762
1762
1762
1762
1762
1762
1762
1708
1708
1708
1708
1708
1708
1708
1708
1708
1708
1708
1708
1708
1708
1708
1708
1708
1708
1708
1708
1708
1708
1708
1708
1708
1708
1708
1708
1708
1708
1708
1708
1708
1708
1708
1708
1708
1708
1708
1708
1708
1708
1708
1708
1708
1708
1708
1708
1708
1708
1708
1708
1708
1708
1708
1708
1708
1708
1708
1708
1708
1708
1708
1708
1708
1708
1708
1708
1708
1708
1708
1708
1708
1708
1708
1708
1708
1708
1708
1708
1708
1708
1708
1708
1708
1708
1708
1708
1708
1708
1708
1708
1708
1708
1708
1708
1708
1708
1708
1708
1708
1708
1708
1708
1708
1708
1708
1708
1708
1708
1708
1708
1708
1708
1708
1708
1708
1708
1708
1708
1708
1708
1708
1708
1708
1708
1708
1708
1708
1708
1708
1708
1708
1708
1708
1708
1708
1708
1708
1708
1708
1708
1708
1708
1708
1708
1708
1708
1708
1708
1708
1708
1708
1708
1708
1708
1708
1708
1708
1708
1708
1708
1708
1708
1708
1708
1708
1708
1708
1708
1708
1708
1708
1708
1708
1708
1708
1708
1708
1708
1708
1708
1708
1708
1708
1708
1708
1708
1708
1708
1708
1708
1708
1708
1708
1708
1708
1708
1708
1708
1708
1708
1708
1708
1708
1708
1708
1708
1708
1708
1708
1708
1708
1708
1708
1708
1708
1708
1708
1708
1708
1708
1708
1708
1708
1708
1708
1708
1708
1708
1708
1708
1708
1708
1708
1708
1708
1708
1708
1708
1708
1708
1708
1708
1708
1708
1708
1708
1708
1708
1708
1708
1708
1708
1708
1708
1708
1708
1708
1708
1708
1708
1708
1708
1708
1708
1708
1708
1708
1708
1708
1708
1708
1708
1708
1708
1708
1708
1708
1708
1708
1708
1708
1708
1708
1708
1708
1708
1708
1708
1708
1708
1708
1708
1708
1708
1708
1708
1708
1708
1708
1708
1708
1708
1708
1708
1708
1708
1708
1708
1708
1708
1708
1708
1708
1708
1708
1708
1708
1708
1708
1708
1708
1708
1708
1708
1708
1708
1708
1708
1708
1708
1708
1708
1708
1708
1708
1708
1708
1708
1708
1708
1708
1708
1708
1708
1708
1708
1708
1708
1708
1708
1708
1708
1708
1708
1708
1708
1708
1708
1708
1708
1708
1708
1708
1708
1708
1708
1708
1708
1708
1708
1708
1708
1708
1708
1708
1708
1708
1708
1708
1708
1708
1708
1708
1708
1708
1708
1708
1708
1708
1708
1708
1708
1708
1708
1708
1708
1708
1708
1708
1708
1708
1708
1708
1708
1708
1708
1708
1708
1708
1708
1708
1708
1708
1708
1708
1708
1708
1708
1708
1658
1658
1658
1658
1658
1658
1658
1658
1658
1658
1658
1658
1658
1658
1658
1658
1658
1658
1658
1658
1658
1658
1658
1658
1658
1658
1658
1658
1658
1658
1658
1658
1658
1658
1658
1658
1658
1658
1658
1658
1658
1658
1658
1658
1658
1658
1658
1658
1658
1658
1658
1658
1658
1656
1656
1656
1656
1656
1656
1656
1656
1656
1656
1656
1656
1656
1656
1656
1656
1656
1656
1656
1656
1656
1656
1656
1652
1652
1652
1652
1652
1652
1652
1652
1652
1652
1652
1652
1652
1652
1652
1652
1652
1652
1652
1652
1652
1652
1652
1652
1652
1652
1652
1652
1652
1652
1652
1616
1616
1616
1616
1616
1616
1616
1616
1616
1616
1616
1616
1616
1616
1616
1616
1616
1616
1616
1616
1616
1616
1616
1616
1616
1616
1616
1616
1616
1616
1616
1616
1616
1616
1616
1616
1616
1616
1616
1616
1616
1616
1616
1616
1616
1616
1616
1616
1616
1616
1616
1616
1616
1616
1616
1616
1616
1616
1616
1616
1616
1616
1616
1616
1616
1616
1616
1616
1616
1616
1610
1610
1610
1610
1610
1610
1610
1610
1610
1610
1610
1610
1610
1610
1610
1610
1610
1610
1610
1610
1610
1610
1610
1610
1610
1610
1610
1610
1610
1610
1610
1610
1610
1610
1610
1610
1610
1610
1610
1610
1610
1610
1610
1610
1610
1610
1610
1610
1610
1610
1610
1610
1610
1610
1610
1610
1610
1610
1610
1610
1610
1610
1610
1610
1610
1610
1610
1610
1610
1610
1610
1610
1610
1610
1610
1610
1610
1610
1610
1610
1610
1610
1610
1610
1610
1610
1610
1610
1610
1610
1610
1610
1610
1610
1610
1610
1610
1610
1610
1610
1610
1610
1610
1610
1610
1610
1610
1610
1610
1610
1610
1610
1610
1610
1610
1610
1610
1610
1610
1610
1610
1610
1610
1610
1610
1610
1610
1610
1610
1610
1610
1610
1610
1610
1610
1610
1610
1610
1610
1610
1610
1610
1610
1610
1610
1610
1610
1610
1610
1610
1610
1610
1610
1610
1610
1610
1610
1610
1610
1610
1610
1610
1610
1610
1610
1610
1610
1610
1610
1610
1610
1610
1610
1608
1608
1608
1608
1608
1608
1608
1608
1608
1608
1608
1608
1608
1608
1608
1608
1608
1608
1608
1608
1608
1608
1608
1608
1608
1608
1608
1608
1608
1608
1608
1608
1608
1608
1608
1608
1608
1608
1608
1608
1608
1608
1608
1608
1608
1608
1608
1608
1608
1608
1608
1608
1608
1608
1608
1608
1608
1608
1608
1608
1608
1608
1608
1608
1608
1608
1608
1608
1608
1608
1608
1608
1608
1608
1608
1608
1608
1608
1608
1608
1608
1608
1608
1608
1608
1608
1608
1608
1608
1608
1608
1608
1608
1608
1608
1608
1608
1608
1608
1608
1608
1608
1608
1608
1608
1608
1608
1608
1608
1608
1608
1608
1608
1608
1608
1608
1608
1608
1608
1608
1608
1608
1608
1608
1608
1608
1608
1608
1608
1608
1608
1608
1608
1608
1603
1603
1603
1603
1603
1603
1603
1603
1603
1603
1603
1603
1603
1603
1603
1603
1603
1603
1603
1603
1603
1603
1603
1603
1603
1603
1603
1603
1603
1603
1603
1603
1603
1603
1603
1603
1603
1603
1603
1603
1603
1603
1603
1603
1603
1603
1603
1603
1603
1603
1603
1603
1603
1603
1603
1603
1603
1603
1603
1603
1603
1603
1603
1603
1603
1603
1603
1603
1603
1603
1603
1603
1603
1603
1603
1603
1603
1603
1603
1603
1603
1603
1603
1599
1599
1599
1583
1583
1583
1583
1583
1583
1583
1583
1583
1583
1583
1583
1583
1583
1583
1583
1583
1583
1583
1583
1583
1583
1583
1583
1583
1583
1583
1583
1583
1583
1583
1583
1583
1583
1583
1583
1583
1583
1583
1583
1583
1583
1583
1583
1583
1583
1583
1583
1583
1583
1583
1583
1583
1583
1583
1583
1583
1583
1583
1583
1583
1583
1583
1583
1583
1583
1583
1583
1583
1583
1583
1583
1583
1583
1583
1583
1583
1583
1583
1583
1583
1583
1583
1583
1583
1583
1583
1583
1583
1583
1583
1583
1583
1583
1583
1583
1583
1583
1583
1583
1583
1583
1583
1583
1583
1583
1568
1568
1568
1568
1568
1568
1568
1568
1568
1568
1568
1568
1568
1568
1568
1568
1568
1568
1568
1568
1568
1568
1559
1559
1559
1559
1559
1559
1559
1559
1559
1559
1559
1559
1559
1559
1559
1559
1559
1559
1559
1559
1559
1559
1559
1559
1559
1559
1559
1559
1559
1559
1559
1559
1559
1559
1559
1559
1559
1559
1559
1559
1559
1559
1555
1555
1555
1555
1555
1555
1555
1555
1555
1555
1555
1555
1555
1551
1551
1551
1551
1551
1551
1551
1551
1551
1551
1551
1551
1543
1543
1543
1543
1543
1543
1543
1535
1535
1535
1535
1535
1535
1535
1535
1535
1520
1520
1520
1520
1520
1520
1520
1520
1520
1520
1520
1520
1520
1520
1520
1520
1520
1520
1520
1520
1502
1502
1502
1502
1502
1502
1502
1502
1502
1502
1502
1502
1502
1502
1502
1502
1502
1502
1502
1502
1502
1502
1502
1502
1502
1502
1502
1502
1502
1502
1502
1502
1502
1502
1502
1502
1502
1502
1502
1502
1502
1502
1502
1502
1502
1502
1502
1502
1502
1502
1502
1502
1502
1502
1502
1502
1502
1502
1502
1502
1502
1502
1502
1502
1502
1502
1502
1502
1502
1502
1502
1502
1502
1502
1502
1502
1502
1502
1502
1502
1502
1502
1502
1502
1502
1502
1502
1502
1502
1502
1502
1502
1502
1502
1502
1502
1502
1502
1502
1502
1502
1502
1502
1502
1502
1502
1502
1502
1502
1502
1502
1502
1502
1502
1502
1502
1502
1465
1465
1465
1465
1465
1465
1465
1465
1465
1465
1465
1465
1465
1465
1465
1465
1465
1465
1465
1465
1465
1465
1465
1465
1465
1465
1465
1465
1465
1465
1465
1465
1465
1465
1465
1465
1465
1465
1465
1465
1465
1465
1465
1465
1465
1465
1465
1465
1465
1465
1465
1465
1465
1465
1465
1465
1465
1465
1465
1465
1465
1465
1465
1465
1465
1465
1465
1465
1465
1465
1465
1465
1465
1465
1465
1465
1465
1465
1465
1465
1465
1465
1465
1465
1465
1465
1465
1465
1465
1465
1465
1465
1465
1465
1465
1465
1465
1465
1465
1465
1465
1465
1465
1465
1465
1465
1465
1465
1465
1465
1465
1465
1465
1465
1465
1465
1465
1465
1465
1465
1465
1465
1465
1465
1465
1465
1465
1465
1465
1465
1465
1465
1465
1465
1465
1465
1465
1465
1465
1465
1465
1465
1465
1465
1465
1465
1465
1465
1465
1465
1465
1465
1465
1465
1465
1465
1465
1465
1465
1465
1465
1465
1465
1465
1465
1465
1465
1465
1465
1465
1465
1465
1465
1465
1465
1465
1465
1465
1465
1465
1465
1465
1465
1465
1465
1465
1465
1465
1465
1465
1465
1465
1465
1465
1465
1465
1465
1465
1465
1465
1465
1465
1465
1465
1465
1465
1465
1465
1465
1465
1465
1465
1465
1465
1465
1465
1465
1465
1465
1465
1465
1465
1465
1465
1465
1465
1465
1465
1465
1465
1465
1465
1465
1465
1465
1465
1465
1465
1465
1465
1465
1465
1465
1465
1465
1465
1465
1465
1465
1465
1465
1465
1465
1465
1465
1465
1465
1465
1465
1465
1465
1465
1465
1465
1465
1465
1465
1465
1465
1465
1465
1465
1465
1465
1465
1465
1465
1465
1465
1465
1465
1465
1465
1465
1465
1465
1465
1462
1462
1462
1462
1462
1462
1462
1462
1462
1462
1462
1462
1462
1462
1462
1462
1462
1462
1462
1462
1462
1462
1462
1462
1462
1462
1462
1462
1462
1462
1462
1462
1462
1462
1462
1462
1462
1462
1462
1462
1462
1462
1462
1462
1462
1462
1462
1462
1462
1462
1462
1462
1462
1462
1462
1462
1462
1462
1462
1462
1462
1462
1462
1462
1462
1462
1462
1462
1462
1462
1462
1462
1462
1462
1462
1462
1462
1462
1462
1462
1462
1462
1462
1462
1462
1462
1462
1462
1462
1462
1462
1462
1462
1462
1462
1462
1462
1462
1462
1462
1462
1462
1462
1462
1462
1462
1462
1462
1462
1462
1462
1462
1462
1462
1462
1462
1462
1462
1462
1462
1462
1462
1462
1462
1462
1462
1462
1462
1462
1462
1462
1462
1462
1462
1462
1462
1462
1462
1462
1462
1462
1462
1462
1462
1462
1462
1462
1462
1462
1462
1462
1462
1462
1462
1462
1462
1462
1462
1462
1462
1462
1462
1462
1462
1462
1462
1462
1462
1462
1425
1425
1425
1425
1425
1425
1425
1425
1425
1425
1425
1425
1425
1425
1425
1425
1425
1425
1425
1425
1425
1425
1425
1425
1425
1425
1425
1425
1425
1425
1425
1425
1425
1425
1425
1425
1425
1425
1425
1425
1425
1425
1425
1425
1425
1425
1425
1425
1425
1425
1425
1425
1425
1425
1425
1425
1425
1425
1425
1425
1425
1425
1425
1425
1425
1425
1425
1425
1425
1425
1425
1425
1425
1425
1425
1425
1425
1425
1425
1425
1425
1425
1425
1425
1425
1425
1425
1425
1425
1425
1425
1425
1425
1425
1425
1425
1425
1425
1425
1425
1425
1425
1425
1425
1425
1425
1425
1425
1425
1425
1425
1425
1425
1425
1425
1425
1425
1425
1425
1425
1425
1425
1425
1425
1425
1425
1425
1425
1425
1425
1425
1425
1425
1425
1425
1425
1425
1425
1425
1425
1425
1425
1425
1425
1425
1425
1425
1425
1425
1425
1425
1425
1425
1425
1425
1425
1425
1425
1425
1425
1425
1425
1425
1425
1425
1425
1425
1425
1425
1425
1425
1425
1425
1425
1425
1425
1425
1425
1425
1425
1425
1425
1425
1425
1425
1425
1425
1425
1425
1425
1425
1425
1425
1425
1425
1425
1425
1425
1425
1425
1425
1425
1425
1425
1425
1425
1425
1425
1425
1425
1425
1425
1425
1425
1425
1425
1425
1425
1425
1425
1425
1425
1425
1425
1425
1425
1425
1425
1425
1425
1425
1425
1425
1425
1425
1425
1425
1425
1425
1425
1425
1425
1425
1425
1425
1425
1425
1425
1425
1425
1425
1425
1425
1425
1425
1425
1425
1425
1425
1425
1425
1425
1425
1425
1425
1425
1425
1423
1423
1423
1423
1423
1423
1423
1423
1423
1423
1423
1423
1423
1423
1423
1423
1423
1423
1423
1423
1423
1423
1423
1423
1423
1423
1423
1423
1423
1423
1423
1423
1423
1423
1423
1423
1423
1423
1423
1423
1423
1423
1423
1423
1423
1423
1423
1423
1423
1423
1423
1423
1423
1423
1423
1423
1423
1423
1423
1423
1423
1423
1423
1423
1423
1423
1423
1423
1423
1423
1423
1423
1423
1423
1423
1423
1423
1423
1423
1423
1423
1423
1423
1423
1423
1423
1423
1423
1423
1423
1423
1423
1423
1423
1423
1423
1423
1423
1423
1423
1423
1423
1423
1423
1423
1423
1423
1423
1423
1423
1423
1423
1423
1423
1423
1423
1423
1423
1423
1423
1423
1423
1423
1423
1423
1423
1423
1423
1423
1423
1423
1423
1423
1423
1423
1423
1423
1423
1423
1423
1423
1423
1423
1423
1423
1423
1423
1423
1423
1423
1423
1423
1423
1423
1423
1423
1423
1423
1423
1423
1423
1423
1423
1423
1423
1423
1423
1423
1423
1423
1423
1423
1423
1423
1423
1423
1423
1423
1423
1423
1423
1423
1423
1423
1423
1423
1423
1423
1423
1423
1423
1423
1423
1423
1423
1423
1423
1423
1423
1423
1423
1423
1423
1423
1423
1423
1423
1423
1423
1423
1423
1423
1423
1423
1423
1423
1423
1423
1423
1423
1423
1423
1423
1423
1423
1423
1423
1423
1423
1423
1423
1423
1423
1423
1423
1423
1423
1423
1423
1423
1423
1423
1423
1423
1423
1423
1423
1423
1423
1423
1423
1423
1423
1423
1423
1423
1423
1423
1423
1423
1423
1423
1423
1423
1423
1423
1423
1423
1423
1423
1423
1423
1423
1423
1423
1423
1423
1423
1423
1423
1423
1423
1423
1423
1423
1423
1423
1423
1423
1423
1423
1423
1423
1423
1423
1410
1410
1410
1410
1410
1410
1410
1410
1410
1410
1410
1410
1410
1410
1410
1410
1410
1410
1410
1410
1410
1410
1410
1410
1410
1410
1410
1410
1410
1410
1410
1410
1410
1410
1410
1410
1410
1410
1410
1410
1410
1410
1410
1410
1410
1410
1410
1410
1410
1410
1410
1410
1410
1410
1410
1410
1410
1410
1410
1410
1410
1410
1410
1410
1410
1410
1410
1410
1410
1410
1410
1410
1410
1410
1410
1410
1410
1410
1410
1410
1410
1410
1410
1410
1410
1410
1410
1410
1410
1410
1410
1410
1410
1410
1410
1410
1410
1410
1410
1410
1410
1410
1410
1410
1410
1410
1410
1410
1410
1410
1410
1410
1410
1410
1410
1410
1410
1410
1410
1410
1410
1410
1410
1410
1410
1410
1410
1410
1410
1410
1410
1410
1410
1410
1410
1410
1410
1410
1410
1410
1410
1410
1410
1410
1410
1410
1410
1410
1410
1410
1410
1410
1410
1410
1410
1410
1410
1410
1410
1410
1410
1410
1410
1410
1410
1410
1410
1410
1410
1410
1410
1410
1410
1410
1410
1410
1410
1410
1410
1410
1410
1410
1410
1410
1410
1410
1410
1410
1410
1410
1410
1410
1410
1410
1410
1410
1410
1410
1410
1410
1410
1410
1410
1410
1410
1410
1410
1410
1410
1410
1410
1410
1410
1410
1410
1410
1410
1410
1410
1410
1410
1410
1410
1410
1410
1410
1410
1410
1410
1410
1410
1410
1410
1410
1410
1410
1410
1410
1410
1410
1410
1410
1410
1410
1410
1410
1410
1410
1410
1410
1410
1410
1410
1410
1410
1410
1410
1410
1410
1410
1410
1410
1410
1410
1410
1410
1410
1410
1410
1410
1410
1410
1410
1410
1410
1410
1410
1410
1410
1410
1410
1410
1410
1410
1410
1410
1410
1410
1410
1410
1410
1410
1410
1410
1410
1410
1410
1410
1410
1410
1410
1410
1410
1410
1410
1410
1410
1410
1410
1410
1410
1410
1410
1410
1410
1410
1410
1410
1410
1410
1410
1410
1410
1410
1410
1410
1410
1410
1410
1410
1410
1410
1410
1410
1410
1410
1410
1410
1410
1410
1410
1410
1410
1410
1410
1410
1410
1410
1410
1410
1410
1410
1410
1410
1410
1410
1410
1410
1410
1410
1410
1410
1410
1410
1410
1410
1410
1407
1407
1407
1407
1407
1407
1407
1407
1407
1407
1407
1407
1407
1407
1407
1407
1407
1407
1407
1407
1407
1407
1407
1407
1407
1407
1407
1407
1407
1407
1407
1407
1407
1407
1407
1407
1407
1407
1407
1407
1407
1407
1407
1407
1407
1407
1407
1407
1407
1407
1407
1407
1407
1407
1407
1407
1407
1407
1407
1407
1407
1407
1407
1407
1407
1407
1407
1407
1407
1407
1407
1407
1407
1407
1407
1407
1407
1407
1407
1407
1407
1407
1407
1407
1407
1407
1407
1407
1407
1407
1407
1407
1407
1407
1407
1407
1407
1407
1407
1407
1407
1407
1407
1407
1407
1407
1407
1407
1407
1407
1407
1407
1407
1407
1407
1407
1407
1407
1407
1407
1407
1407
1407
1407
1407
1407
1407
1407
1407
1407
1407
1407
1407
1407
1407
1407
1407
1407
1407
1407
1407
1407
1407
1407
1407
1407
1407
1407
1407
1407
1407
1407
1407
1407
1407
1407
1407
1407
1407
1407
1407
1407
1407
1407
1407
1407
1407
1407
1407
1407
1407
1407
1407
1407
1407
1407
1407
1407
1407
1407
1407
1407
1407
1407
1407
1407
1407
1407
1407
1407
1407
1407
1407
1407
1407
1407
1407
1407
1407
1407
1407
1407
1407
1407
1407
1407
1407
1407
1407
1407
1398
1398
1398
1398
1398
1398
1398
1398
1398
1398
1398
1398
1398
1398
1398
1398
1398
1398
1398
1398
1398
1398
1398
1398
1398
1398
1398
1398
1398
1398
1398
1398
1398
1398
1398
1398
1398
1398
1398
1398
1398
1398
1398
1398
1398
1398
1398
1398
1398
1398
1398
1398
1398
1398
1398
1398
1398
1398
1398
1398
1398
1398
1398
1398
1398
1398
1398
1398
1398
1398
1398
1398
1398
1398
1398
1398
1398
1398
1398
1398
1398
1398
1398
1398
1398
1398
1398
1398
1398
1398
1398
1398
1398
1398
1398
1398
1398
1398
1398
1398
1398
1398
1398
1398
1398
1398
1398
1398
1398
1398
1398
1398
1398
1398
1398
1398
1398
1398
1398
1398
1398
1398
1398
1398
1398
1398
1398
1398
1398
1398
1398
1398
1398
1398
1398
1398
1398
1398
1398
1398
1398
1398
1398
1398
1398
1398
1398
1398
1398
1398
1398
1398
1398
1398
1398
1398
1398
1398
1398
1398
1398
1398
1398
1398
1398
1398
1398
1398
1398
1398
1398
1398
1398
1398
1398
1398
1398
1398
1398
1398
1398
1398
1398
1398
1398
1398
1398
1398
1398
1398
1398
1398
1398
1398
1398
1398
1398
1398
1398
1398
1398
1398
1398
1398
1398
1398
1398
1398
1398
1398
1398
1398
1398
1398
1398
1398
1398
1398
1398
1398
1398
1398
1398
1398
1398
1398
1398
1398
1398
1398
1398
1398
1398
1398
1398
1398
1398
1398
1398
1398
1398
1398
1398
1398
1398
1398
1398
1398
1398
1398
1398
1398
1398
1398
1398
1398
1398
1398
1398
1398
1398
1398
1398
1398
1398
1398
1398
1398
1398
1398
1398
1398
1398
1398
1398
1398
1398
1398
1398
1398
1398
1398
1398
1398
1398
1398
1398
1398
1398
1398
1398
1398
1398
1398
1398
1398
1398
1398
1398
1398
1398
1398
1398
1398
1398
1398
1398
1398
1398
1398
1398
1398
1398
1398
1398
1398
1398
1398
1398
1398
1398
1398
1398
1398
1398
1398
1398
1398
1398
1398
1398
1398
1398
1398
1398
1398
1398
1398
1398
1398
1398
1398
1398
1398
1398
1398
1398
1398
1398
1398
1398
1398
1398
1398
1398
1398
1398
1398
1398
1398
1398
1398
1398
1398
1398
1398
1398
1398
1398
1398
1398
1398
1398
1398
1398
1398
1398
1398
1398
1398
1398
1398
1398
1398
1398
1398
1398
1398
1398
1398
1398
1398
1398
1398
1398
1398
1398
1398
1398
1398
1398
1398
1398
1398
1398
1398
1398
1398
1398
1398
1398
1398
1398
1398
1398
1398
1398
1398
1398
1398
1398
1398
1398
1398
1398
1398
1398
1398
1398
1398
1398
1398
1398
1398
1398
1398
1398
1398
1398
1398
1398
1398
1398
1398
1398
1398
1398
1398
1398
1398
1398
1398
1398
1398
1398
1398
1398
1398
1398
1398
1398
1398
1398
1398
1398
1398
1398
1398
1398
1398
1398
1398
1398
1398
1398
1398
1398
1398
1398
1398
1398
1398
1398
1398
1398
1398
1398
1398
1398
1398
1398
1398
1398
1398
1398
1398
1398
1398
1398
1398
1398
1398
1398
1398
1398
1398
1398
1398
1398
1398
1398
1398
1398
1398
1398
1398
1398
1398
1398
1398
1398
1398
1398
1398
1398
1398
1398
1398
1398
1398
1398
1398
1398
1398
1398
1398
1398
1398
1398
1398
1398
1398
1398
1398
1398
1398
1398
1398
1398
1398
1398
1398
1398
1398
1398
1398
1398
1398
1398
1398
1398
1398
1398
1398
1398
1398
1398
1398
1398
1398
1398
1398
1398
1398
1398
1398
1398
1398
1398
1398
1398
1398
1398
1398
1398
1398
1398
1398
1398
1398
1398
1398
1398
1398
1398
1398
1398
1398
1398
1398
1398
1398
1398
1398
1398
1398
1398
1398
1398
1398
1398
1398
1398
1398
1398
1398
1398
1398
1398
1398
1398
1398
1398
1398
1398
1398
1398
1398
1398
1398
1398
1398
1398
1398
1398
1398
1398
1398
1398
1398
1398
1398
1398
1398
1398
1398
1398
1398
1398
1398
1398
1398
1398
1398
1398
1398
1398
1398
1398
1398
1398
1398
1398
1398
1398
1398
1370
1370
1352
1352
1352
1352
1352
1352
1352
1352
1352
1352
1352
1352
1352
1352
1352
1352
1352
1352
1352
1352
1352
1352
1352
1352
1352
1352
1352
1352
1352
1352
1352
1352
1352
1352
1352
1352
1352
1352
1352
1352
1352
1352
1352
1352
1352
1352
1352
1352
1352
1352
1352
1352
1352
1352
1352
1352
1352
1352
1352
1352
1352
1352
1352
1352
1352
1352
1352
1352
1352
1352
1352
1352
1352
1352
1352
1352
1352
1352
1352
1352
1352
1352
1352
1352
1352
1352
1352
1352
1352
1352
1352
1352
1352
1352
1352
1352
1352
1352
1352
1352
1352
1352
1352
1352
1352
1352
1352
1352
1352
1352
1352
1352
1352
1352
1352
1352
1352
1352
1352
1352
1352
1352
1352
1352
1352
1352
1352
1352
1352
1352
1352
1352
1352
1352
1352
1352
1352
1352
1352
1352
1352
1352
1352
1352
1352
1352
1352
1352
1352
1352
1352
1352
1352
1352
1352
1352
1352
1352
1352
1352
1352
1352
1352
1352
1352
1352
1352
1352
1352
1352
1352
1352
1352
1352
1352
1352
1352
1352
1352
1352
1344
1344
1344
1344
1344
1344
1344
1344
1344
1344
1344
1344
1344
1344
1344
1344
1344
1344
1344
1344
1344
1344
1344
1344
1344
1344
1344
1344
1344
1344
1344
1344
1344
1344
1344
1344
1344
1344
1344
1344
1344
1344
1344
1344
1344
1344
1344
1344
1344
1344
1344
1344
1344
1344
1344
1344
1344
1344
1344
1344
1344
1344
1344
1344
1344
1344
1344
1344
1344
1344
1344
1344
1344
1344
1344
1344
1344
1344
1344
1344
1344
1344
1344
1344
1344
1344
1344
1344
1344
1344
1344
1344
1344
1344
1344
1344
1344
1344
1344
1344
1344
1344
1344
1344
1344
1344
1344
1344
1344
1344
1344
1344
1344
1344
1344
1344
1344
1344
1339
1339
1339
1339
1339
1339
1339
1339
1339
1339
1339
1339
1339
1339
1339
1339
1339
1339
1339
1339
1339
1339
1339
1339
1339
1339
1339
1339
1339
1339
1339
1339
1339
1339
1339
1339
1339
1339
1339
1339
1339
1339
1339
1339
1339
1339
1339
1339
1339
1339
1339
1339
1339
1339
1339
1339
1339
1339
1339
1339
1339
1339
1339
1339
1339
1339
1339
1339
1339
1339
1339
1339
1339
1339
1339
1339
1339
1339
1339
1339
1339
1339
1339
1339
1339
1339
1339
1339
1339
1339
1339
1339
1339
1339
1339
1339
1339
1339
1339
1339
1339
1339
1339
1339
1339
1339
1339
1339
1339
1339
1339
1339
1339
1339
1339
1339
1339
1339
1339
1339
1339
1339
1339
1339
1339
1339
1339
1339
1339
1339
1339
1339
1339
1339
1339
1339
1339
1339
1339
1339
1339
1339
1339
1339
1339
1339
1339
1339
1339
1339
1339
1339
1339
1339
1339
1339
1339
1339
1339
1339
1339
1339
1339
1339
1339
1339
1339
1339
1339
1339
1339
1339
1339
1339
1339
1339
1339
1339
1339
1339
1339
1339
1339
1339
1339
1339
1339
1339
1339
1339
1339
1339
1339
1339
1339
1339
1339
1339
1339
1339
1339
1339
1339
1339
1339
1339
1339
1339
1339
1339
1339
1339
1339
1339
1339
1339
1339
1339
1339
1339
1339
1339
1339
1339
1339
1339
1339
1339
1339
1339
1339
1339
1339
1339
1339
1339
1339
1339
1339
1339
1339
1339
1339
1339
1339
1339
1339
1339
1339
1339
1339
1339
1339
1339
1339
1339
1339
1339
1339
1339
1339
1339
1339
1339
1339
1339
1339
1339
1339
1339
1339
1339
1339
1339
1339
1339
1339
1339
1339
1339
1339
1339
1339
1339
1339
1339
1339
1339
1339
1339
1339
1339
1339
1339
1339
1339
1339
1339
1339
1339
1339
1339
1339
1339
1339
1339
1339
1339
1339
1339
1339
1339
1339
1339
1339
1339
1339
1339
1339
1339
1339
1339
1339
1339
1339
1339
1339
1339
1339
1339
1339
1339
1339
1339
1339
1339
1339
1339
1339
1339
1339
1339
1339
1339
1339
1339
1339
1339
1339
1339
1339
1339
1339
1339
1339
1339
1339
1339
1339
1339
1339
1339
1339
1339
1339
1339
1339
1339
1339
1339
1339
1339
1339
1339
1339
1339
1339
1339
1339
1339
1339
1339
1339
1339
1339
1339
1339
1339
1339
1339
1339
1339
1339
1339
1339
1339
1339
1339
1339
1339
1339
1339
1339
1339
1339
1339
1339
1339
1339
1339
1339
1339
1339
1339
1339
1339
1339
1339
1339
1339
1339
1339
1339
1339
1339
1339
1339
1339
1339
1339
1339
1339
1339
1339
1339
1339
1339
1339
1339
1339
1339
1339
1339
1339
1339
1339
1339
1339
1339
1339
1339
1339
1339
1339
1339
1339
1339
1339
1339
1339
1339
1339
1339
1339
1339
1339
1339
1339
1339
1339
1339
1339
1339
1339
1339
1339
1339
1339
1339
1339
1339
1339
1339
1339
1339
1339
1339
1339
1339
1339
1339
1339
1339
1339
1339
1339
1339
1339
1339
1339
1339
1339
1339
1339
1339
1339
1339
1339
1339
1339
1339
1339
1339
1339
1339
1339
1339
1339
1339
1339
1339
1339
1339
1339
1339
1339
1339
1339
1339
1339
1339
1339
1339
1339
1339
1339
1339
1339
1339
1339
1339
1339
1339
1339
1339
1339
1339
1339
1339
1339
1339
1339
1339
1339
1339
1339
1339
1339
1339
1339
1339
1339
1339
1339
1339
1339
1339
1339
1339
1339
1339
1339
1339
1339
1339
1339
1339
1339
1339
1339
1339
1339
1339
1339
1339
1339
1339
1339
1339
1339
1339
1339
1339
1339
1339
1339
1339
1339
1339
1339
1339
1339
1339
1339
1339
1339
1339
1339
1339
1339
1339
1339
1339
1339
1339
1339
1339
1339
1339
1339
1339
1339
1339
1339
1339
1339
1339
1339
1339
1339
1339
1339
1339
1339
1339
1339
1339
1339
1339
1339
1339
1339
1339
1339
1339
1339
1339
1339
1339
1339
1339
1339
1339
1339
1339
1339
1339
1339
1339
1339
1339
1339
1339
1339
1339
1339
1339
1339
1339
1339
1339
1339
1339
1339
1339
1339
1339
1339
1339
1339
1339
1339
1339
1339
1339
1339
1339
1339
1339
1339
1339
1339
1339
1339
1339
1339
1339
1339
1339
1339
1339
1339
1339
1339
1339
1339
1339
1339
1339
1339
1339
1339
1339
1339
1339
1339
1339
1339
1339
1339
1339
1339
1339
1339
1339
1339
1339
1339
1339
1339
1339
1339
1339
1339
1339
1339
1339
1339
1339
1339
1339
1339
1339
1339
1339
1339
1339
1339
1339
1339
1339
1339
1339
1339
1339
1339
1339
1339
1339
1339
1339
1339
1339
1339
1339
1339
1339
1339
1339
1339
1339
1339
1339
1339
1339
1339
1339
1339
1339
1339
1339
1339
1339
1339
1339
1339
1339
1339
1339
1339
1339
1339
1339
1339
1339
1339
1339
1339
1339
1339
1339
1339
1339
1339
1339
1339
1339
1339
1339
1339
1339
1339
1339
1339
1339
1339
1339
1339
1339
1339
1339
1339
1339
1339
1339
1339
1339
1339
1339
1339
1339
1339
1339
1339
1339
1339
1339
1339
1339
1339
1339
1339
1339
1339
1339
1339
1339
1339
1339
1339
1339
1339
1339
1339
1339
1339
1339
1339
1339
1339
1339
1339
1339
1339
1339
1339
1339
1339
1339
1339
1339
1339
1339
1339
1339
1339
1339
1339
1339
1339
1339
1339
1339
1339
1339
1339
1339
1339
1339
1339
1339
1339
1339
1339
1339
1339
1339
1339
1339
1339
1339
1339
1339
1339
1339
1339
1339
1339
1339
1339
1339
1339
1339
1339
1339
1339
1339
1339
1339
1339
1339
1339
1339
1339
1339
1339
1339
1339
1339
1339
1339
1339
1339
1339
1339
1339
1339
1339
1339
1339
1339
1339
1339
1339
1339
1339
1339
1339
1339
1339
1339
1339
1339
1339
1339
1339
1339
1339
1339
1339
1339
1339
1339
1339
1339
1339
1339
1339
1339
1339
1339
1339
1339
1339
1339
1339
1339
1339
1339
1339
1339
1339
1339
1339
1339
1339
1339
1339
1339
1339
1339
1339
1339
1339
1339
1339
1339
1339
1339
1339
1339
1339
1339
1339
1339
1339
1339
1339
1339
1339
1339
1339
1339
1339
1339
1339
1339
1339
1339
1339
1339
1339
1339
1339
1339
1339
1339
1339
1339
1339
1339
1339
1339
1339
1339
1339
1339
1339
1339
1339
1339
1339
1339
1339
1339
1339
1339
1339
1339
1339
1339
1339
1339
1339
1339
1339
1339
1339
1339
1339
1339
1339
1339
1339
1339
1339
1339
1339
1339
1339
1339
1339
1339
1339
1339
1339
1339
1339
1339
1339
1339
1339
1339
1339
1339
1339
1339
1339
1339
1339
1339
1339
1339
1339
1339
1339
1339
1339
1339
1339
1339
1339
1339
1339
1339
1339
1339
1339
1339
1339
1339
1339
1339
1339
1339
1339
1339
1339
1339
1339
1339
1339
1339
1339
1339
1339
1339
1339
1310
1310
1310
1310
1310
1310
1310
1310
1310
1310
1310
1310
1310
1310
1310
1310
1310
1310
1310
1310
1310
1310
1310
1310
1310
1310
1310
1310
1310
1310
1310
1310
1310
1310
1310
1310
1310
1310
1310
1310
1310
1310
1310
1310
1310
1310
1310
1310
1310
1310
1310
1310
1310
1310
1310
1310
1310
1310
1310
1310
1310
1310
1310
1310
1310
1310
1310
1310
1310
1310
1310
1310
1310
1310
1310
1310
1310
1310
1310
1310
1310
1310
1310
1310
1310
1310
1310
1310
1310
1310
1310
1310
1310
1310
1310
1310
1310
1310
1310
1310
1310
1310
1310
1310
1310
1310
1310
1310
1310
1310
1310
1310
1310
1310
1310
1310
1310
1310
1310
1310
1310
1310
1310
1310
1310
1310
1310
1310
1310
1310
1310
1310
1310
1310
1310
1310
1310
1310
1310
1310
1310
1310
1310
1310
1310
1310
1310
1310
1310
1310
1310
1310
1310
1310
1310
1310
1310
1310
1310
1310
1310
1310
1310
1310
1310
1310
1310
1310
1310
1310
1310
1310
1310
1310
1310
1310
1310
1310
1310
1310
1310
1310
1310
1310
1310
1310
1310
1310
1310
1310
1310
1310
1310
1310
1310
1310
1310
1310
1310
1310
1310
1310
1310
1310
1310
1310
1310
1310
1310
1310
1310
1310
1310
1310
1310
1310
1310
1310
1310
1310
1310
1310
1310
1310
1310
1310
1310
1310
1310
1310
1310
1310
1310
1310
1310
1310
1310
1310
1310
1310
1310
1310
1310
1310
1310
1310
1310
1310
1310
1310
1310
1310
1310
1310
1310
1310
1310
1310
1310
1310
1310
1310
1310
1310
1310
1310
1310
1310
1310
1310
1310
1310
1310
1310
1310
1310
1310
1310
1310
1310
1310
1310
1310
1310
1310
1310
1310
1310
1310
1310
1310
1310
1310
1310
1310
1310
1310
1310
1310
1310
1310
1310
1310
1310
1310
1310
1310
1310
1310
1310
1310
1310
1310
1310
1310
1310
1310
1310
1310
1310
1310
1310
1310
1310
1310
1310
1310
1310
1310
1310
1310
1310
1310
1310
1310
1310
1310
1310
1310
1310
1310
1310
1310
1310
1310
1310
1310
1310
1310
1310
1310
1310
1310
1310
1310
1310
1310
1310
1310
1310
1310
1310
1310
1310
1310
1310
1310
1310
1310
1310
1310
1310
1310
1310
1310
1310
1310
1310
1310
1310
1310
1310
1310
1310
1310
1310
1310
1310
1310
1310
1310
1310
1310
1310
1310
1310
1310
1310
1310
1310
1310
1310
1310
1310
1310
1310
1310
1310
1310
1310
1310
1310
1310
1310
1310
1310
1310
1310
1310
1310
1310
1310
1310
1310
1310
1310
1310
1310
1310
1310
1310
1310
1310
1310
1310
1310
1310
1310
1310
1310
1310
1310
1310
1310
1310
1310
1310
1310
1310
1310
1310
1310
1310
1310
1310
1310
1310
1310
1310
1310
1310
1310
1310
1310
1310
1310
1310
1310
1310
1310
1310
1310
1310
1310
1310
1310
1310
1310
1310
1310
1310
1310
1310
1310
1310
1310
1310
1310
1310
1310
1310
1310
1310
1310
1310
1310
1310
1310
1310
1310
1310
1310
1310
1310
1310
1310
1310
1310
1310
1310
1310
1310
1310
1310
1310
1310
1310
1310
1310
1310
1310
1310
1310
1310
1310
1310
1310
1310
1310
1310
1310
1310
1310
1310
1310
1310
1310
1310
1310
1310
1310
1310
1310
1310
1310
1310
1310
1310
1310
1310
1310
1310
1310
1310
1310
1310
1310
1310
1310
1310
1310
1310
1310
1310
1310
1310
1310
1310
1310
1310
1310
1310
1310
1310
1310
1310
1310
1310
1310
1310
1310
1310
1310
1310
1310
1310
1310
1310
1310
1310
1310
1310
1310
1310
1310
1310
1310
1310
1310
1310
1310
1310
1310
1310
1310
1310
1310
1310
1310
1310
1310
1310
1310
1310
1310
1310
1310
1310
1310
1310
1310
1310
1310
1310
1310
1310
1310
1310
1310
1310
1310
1310
1310
1310
1310
1310
1310
1310
1310
1310
1310
1310
1310
1310
1310
1310
1310
1310
1310
1310
1310
1310
1310
1310
1310
1310
1310
1310
1310
1310
1310
1310
1310
1310
1310
1310
1310
1310
1310
1310
1310
1310
1310
1310
1310
1310
1310
1310
1310
1310
1310
1310
1310
1310
1310
1310
1310
1310
1310
1310
1310
1310
1310
1310
1310
1310
1310
1310
1310
1310
1310
1310
1310
1310
1310
1310
1310
1310
1310
1310
1310
1310
1310
1310
1310
1310
1310
1310
1310
1310
1310
1310
1310
1310
1310
1310
1310
1310
1310
1310
1310
1310
1310
1310
1310
1310
1310
1310
1310
1310
1310
1310
1310
1310
1310
1310
1310
1310
1310
1310
1310
1310
1310
1310
1310
1310
1310
1310
1310
1310
1310
1310
1310
1310
1310
1310
1310
1310
1310
1310
1310
1310
1310
1310
1310
1310
1310
1310
1310
1310
1310
1310
1310
1310
1310
1310
1310
1310
1310
1310
1310
1310
1310
1310
1310
1310
1310
1310
1310
1310
1310
1310
1310
1310
1310
1310
1310
1310
1310
1310
1310
1310
1310
1310
1310
1310
1310
1310
1310
1310
1310
1310
1310
1310
1310
1310
1310
1310
1310
1310
1310
1310
1310
1310
1310
1310
1310
1310
1310
1310
1310
1310
1310
1310
1310
1310
1310
1310
1310
1310
1310
1310
1310
1310
1310
1310
1310
1310
1310
1310
1310
1310
1310
1310
1310
1310
1310
1310
1310
1310
1310
1310
1310
1310
1310
1310
1310
1310
1310
1310
1310
1310
1310
1310
1310
1310
1310
1310
1310
1310
1310
1310
1310
1310
1310
1310
1310
1310
1310
1310
1310
1310
1310
1310
1310
1310
1310
1310
1310
1310
1310
1310
1310
1310
1310
1310
1310
1310
1310
1310
1310
1310
1310
1310
1310
1310
1310
1310
1310
1310
1310
1310
1310
1310
1310
1310
1310
1310
1310
1310
1310
1310
1310
1310
1310
1310
1310
1310
1310
1310
1310
1310
1310
1310
1310
1310
1310
1310
1310
1310
1310
1310
1310
1310
1310
1310
1310
1310
1310
1310
1310
1310
1310
1310
1310
1310
1310
1310
1310
1310
1310
1310
1310
1310
1310
1310
1310
1310
1310
1310
1310
1310
1310
1310
1310
1310
1310
1310
1310
1310
1310
1310
1310
1310
1310
1310
1310
1310
1310
1310
1310
1310
1310
1310
1310
1310
1310
1310
1310
1310
1310
1310
1310
1310
1310
1310
1310
1310
1310
1310
1310
1310
1310
1310
1310
1310
1310
1310
1310
1310
1310
1310
1310
1310
1310
1310
1310
1310
1310
1310
1310
1310
1310
1310
1310
1310
1310
1310
1310
1310
1310
1310
1310
1310
1310
1310
1310
1310
1310
1310
1310
1310
1310
1310
1310
1310
1310
1310
1310
1310
1310
1310
1310
1310
1310
1310
1310
1310
1310
1310
1310
1310
1310
1310
1310
1310
1310
1310
1310
1310
1310
1310
1310
1310
1310
1310
1310
1310
1310
1310
1310
1310
1310
1310
1310
1310
1310
1310
1310
1310
1310
1310
1310
1310
1310
1310
1310
1310
1310
1310
1310
1310
1310
1310
1310
1310
1310
1310
1310
1310
1310
1310
1310
1310
1310
1310
1310
1310
1310
1310
1310
1310
1310
1310
1310
1310
1310
1310
1310
1310
1310
1310
1310
1310
1310
1310
1310
1310
1310
1310
1310
1310
1310
1310
1310
1310
1310
1310
1310
1310
1310
1310
1310
1310
1310
1310
1310
1310
1310
1310
1310
1310
1310
1310
1310
1310
1310
1310
1310
1310
1310
1310
1310
1310
1310
1310
1310
1310
1310
1310
1310
1310
1310
1310
1310
1310
1310
1310
1310
1310
1310
1310
1310
1310
1310
1310
1310
1310
1310
1310
1310
1310
1310
1310
1310
1310
1310
1310
1310
1310
1310
1310
1310
1310
1310
1310
1310
1310
1310
1310
1310
1310
1310
1310
1310
1310
1310
1310
1310
1310
1310
1310
1310
1310
1310
1310
1310
1310
1310
1310
1310
1310
1310
1310
1310
1310
1310
1310
1310
1310
1310
1310
1310
1310
1310
1310
1310
1310
1310
1310
1310
1310
1310
1310
1310
1310
1310
1310
1310
1310
1310
1310
1310
1310
1310
1310
1310
1310
1310
1310
1310
1310
1310
1310
1310
1310
1310
1310
1310
1310
1310
1310
1310
1310
1310
1310
1310
1310
1310
1310
1310
1310
1310
1310
1310
1310
1310
1310
1310
1310
1310
1310
1310
1310
1310
1310
1310
1310
1310
1310
1310
1310
1310
1310
1310
1310
1310
1310
1310
1310
1310
1310
1310
1310
1310
1310
1310
1310
1310
1310
1310
1310
1310
1310
1310
1310
1310
1310
1310
1310
1310
1310
1310
1310
1310
1310
1310
1310
1310
1310
1310
1310
1310
1310
1310
1310
1310
1310
1310
1310
1310
1310
1310
1310
1310
1310
1310
1310
1310
1310
1310
1310
1310
1310
1310
1310
1310
1310
1310
1310
1310
1310
1310
1310
1310
1310
1310
1310
1310
1310
1310
1310
1310
1310
1310
1310
1310
1310
1310
1310
1310
1310
1310
1310
1310
1310
1310
1310
1310
1310
1310
1310
1310
1310
1310
1310
1310
1310
1310
1310
1310
1310
1310
1310
1310
1310
1310
1310
1310
1310
1310
1310
1310
1310
1310
1310
1310
1310
1310
1310
1310
1310
1310
1310
1310
1310
1310
1310
1310
1310
1310
1310
1310
1310
1310
1310
1310
1310
1310
1310
1310
1310
1310
1310
1310
1310
1310
1310
1310
1310
1310
1310
1310
1310
1310
1310
1310
1310
1310
1310
1310
1310
1310
1310
1310
1310
1310
1310
1310
1310
1310
1310
1310
1310
1310
1310
1310
1310
1310
1310
1310
1310
1310
1310
1310
1310
1310
1310
1310
1310
1310
1310
1310
1310
1310
1310
1310
1310
1310
1310
1310
1310
1310
1310
1310
1310
1310
1310
1310
1310
1310
1310
1310
1310
1310
1310
1310
1310
1310
1310
1310
1310
1310
1310
1310
1310
1310
1310
1310
1310
1310
1310
1310
1310
1310
1310
1310
1310
1310
1310
1310
1310
1310
1310
1310
1310
1310
1310
1310
1310
1310
1310
1310
1310
1310
1310
1310
1310
1310
1310
1310
1310
1310
1310
1310
1310
1310
1310
1310
1310
1310
1310
1310
1310
1310
1310
1310
1310
1310
1310
1310
1310
1310
1310
1310
1310
1310
1310
1310
1310
1310
1310
1310
1310
1310
1310
1310
1310
1310
1310
1310
1310
1310
1310
1310
1310
1310
1310
1310
1310
1310
1310
1310
1310
1310
1310
1310
1310
1310
1310
1310
1310
1310
1310
1310
1310
1310
1310
1310
1310
1310
1310
1310
1310
1310
1310
1310
1310
1310
1310
1310
1310
1310
1310
1310
1310
1310
1310
1310
1310
1310
1310
1310
1310
1310
1310
1310
1310
1310
1310
1310
1310
1310
1310
1310
1310
1310
1310
1310
1310
1310
1310
1310
1310
1310
1310
1310
1310
1310
1310
1310
1310
1310
1310
1310
1310
1310
1310
1310
1310
1310
1310
1310
1310
1310
1310
1310
1310
1310
1310
1310
1310
1310
1310
1310
1310
1310
1310
1310
1310
1310
1310
1310
1310
1310
1310
1310
1310
1310
1310
1310
1310
1310
1310
1310
1310
1310
1310
1310
1310
1310
1310
1310
1310
1310
1310
1310
1310
1310
1310
1310
1310
1310
1310
1310
1310
1310
1310
1310
1310
1310
1310
1310
1310
1310
1310
1310
1310
1310
1310
1310
1310
1310
1310
1310
1310
1310
1310
1310
1310
1310
1310
1310
1310
1310
1310
1310
1310
1310
1310
1310
1310
1310
1310
1310
1310
1310
1310
1310
1310
1310
1310
1310
1310
1310
1310
1310
1310
1310
1310
1310
1310
1310
1310
1310
1310
1310
1310
1310
1310
1310
1310
1310
1310
1310
1310
1310
1310
1310
1310
1310
1310
1310
1310
1310
1310
1310
1310
1310
1310
1310
1310
1310
1310
1310
1310
1310
1310
1310
1310
1310
1310
1310
1310
1310
1310
1310
1310
1310
1310
1310
1310
1310
1310
1310
1310
1310
1310
1310
1310
1310
1310
1310
1310
1310
1310
1310
1310
1310
1310
1310
1310
1310
1310
1310
1310
1310
1310
1310
1310
1310
1310
1310
1310
1310
1310
1310
1310
1310
1310
1310
1310
1310
1310
1310
1310
1310
1310
1310
1310
1310
1310
1310
1310
1310
1310
1310
1310
1310
1310
1310
1310
1310
1310
1310
1310
1310
1310
1310
1310
1310
1310
1310
1310
1310
1310
1310
1310
1310
1310
1310
1310
1310
1310
1310
1310
1310
1310
1310
1310
1310
1310
1310
1310
1310
1310
1310
1310
1310
1310
1310
1310
1310
1310
1310
1310
1310
1310
1310
1310
1310
1310
1310
1310
1310
1310
1310
1310
1310
1310
1310
1310
1310
1310
1310
1310
1310
1310
1310
1310
1310
1310
1310
1310
1310
1310
1310
1310
1310
1310
1310
1310
1310
1310
1310
1310
1310
1310
1310
1310
1310
1310
1310
1310
1310
1310
1310
1310
1310
1310
1310
1310
1310
1310
1310
1310
1310
1310
1310
1310
1310
1310
1310
1310
1310
1310
1310
1310
1310
1310
1310
1310
1310
1310
1310
1310
1310
1310
1310
1310
1310
1310
1310
1310
1310
1310
1310
1310
1310
1310
1310
1310
1310
1310
1310
1310
1310
1310
1310
1310
1310
1310
1310
1310
1310
1310
1310
1310
1310
1310
1310
1310
1310
1310
1310
1310
1310
1310
1310
1310
1310
1310
1310
1310
1310
1310
1310
1310
1310
1310
1310
1310
1310
1310
1310
1310
1310
1310
1310
1310
1310
1310
1310
1310
1310
1310
1310
1310
1310
1310
1310
1310
1310
1310
1310
1310
1310
1310
1310
1310
1310
1310
1310
1310
1310
1310
1310
1310
1310
1310
1310
1310
1310
1310
1310
1310
1310
1310
1310
1310
1310
1310
1310
1310
1310
1310
1310
1310
1310
1310
1310
1310
1310
1310
1310
1310
1310
1310
1310
1310
1310
1310
1310
1310
1310
1310
1310
1310
1310
1310
1310
1310
1310
1310
1310
1310
1310
1310
1310
1310
1310
1310
1310
1310
1310
1310
1310
1310
1310
1310
1310
1310
1310
1310
1310
1310
1310
1310
1310
1310
1310
1310
1310
1310
1310
1310
1310
1310
1310
1310
1310
1310
1310
1310
1310
1310
1310
1310
1310
1310
1310
1310
1310
1310
1310
1310
1310
1310
1310
1310
1310
1310
1310
1310
1310
1310
1310
1310
1310
1310
1310
1310
1310
1310
1310
1310
1310
1310
1310
1310
1310
1310
1310
1310
1310
1310
1310
1310
1310
1310
1310
1310
1310
1310
1310
1310
1310
1310
1310
1310
1310
1310
1310
1310
1310
1310
1310
1310
1310
1310
1310
1310
1310
1310
1310
